Configuration de d‚part


13  13   7  12  12   9   7  
 4  10   2   6   1   9   6  
 8   5   3  13   5   2  11  
 8  10   7   1  12  10  13  
 6   8   1   4   2   3  11  

10  9  2  5  4 11  9 12  8  7 11  4  1  3  6  3 

 5

D‚but: Sun Aug 16 20:00:10 1992
Fin:   Mon Aug 17 19:05:27 1992
Delta: 17581 s

Nb total de coups: 1108306468

D‚tail du nb de passes par niveau
 0 1
 1 3
 2 6
 3 13
 4 26
 5 42
 6 73
 7 123
 8 185
 9 292
10 547
11 1112
12 2126
13 3860
14 6984
15 12920
16 24256
17 46214
18 88205
19 168933
20 329408
21 652081
22 1292921
23 2509652
24 4674517
25 8269412
26 13896536
27 22020751
28 32884765
29 46256669
30 62227166
31 80256969
32 99092840
33 116701559
34 131212872
35 137925097
36 132838500
37 107333598
38 65205810
39 29239489
40 12377471
41 737848
42 14616
